Dynare version: 0.10.4
2025-11-30T19:38:59.446: Starting @dynare gali_current.mod
["gali_current.mod", "language=julia", "json=compute", "notmpterms"]
Dynare preprocessor version: 7.0.0+0
2025-11-30T19:38:59.567: End of preprocessing
2025-11-30T19:38:59.752: Start parse_statements!
  Steady state

───────┬─────
  pi   │ 0.0
 y_gap │ 0.0
 y_nat │ 0.0
     y │ 0.0
  yhat │ 0.0
     i │ 0.0
 r_nat │ 0.0
     a │ 0.0
     z │ 0.0
───────┴─────

  Coefficients of approximate solution function (reduced form)

─────────┬─────────────────────────────────────────────────────────────────────────
         │  pi_t    y_gap_t  y_nat_t   y_t    yhat_t      i_t  r_nat_t   a_t   z_t
───────────────────────────────────────────────────────────────────────────────────
    ϕ(a) │ -0.1212  -0.0769      0.9  0.8231  0.8231  -0.1913    -0.09   0.9   0.0
    ϕ(z) │  0.0881   0.2591     -0.0  0.2591  0.2591   0.1645     0.25  -0.0   0.5
 eps_a_t │ -0.1346  -0.0855      1.0  0.9145  0.9145  -0.2126     -0.1   1.0  -0.0
 eps_z_t │  0.1761   0.5182      0.0  0.5182  0.5182    0.329      0.5   0.0   1.0
─────────┴─────────────────────────────────────────────────────────────────────────

  Note: ϕ(x) = x_{t-1} - steady_state(x)

  THEORETICAL MOMENTS

──────────┬───────────────────────────
 VARIABLE │ MEAN  STD. DEV.  VARIANCE
──────────────────────────────────────
       pi │  0.0     0.3698    0.1367
    y_gap │  0.0     0.6296    0.3965
    y_nat │  0.0     2.2942    5.2632
        y │  0.0     2.1817    4.7599
     yhat │  0.0     2.1817    4.7599
        i │  0.0     0.6182    0.3822
    r_nat │  0.0     0.6213     0.386
        a │  0.0     2.2942    5.2632
        z │  0.0     1.1547    1.3333
──────────┴───────────────────────────

  VARIANCE DECOMPOSITION (in percent)

──────────┬────────────────
 VARIABLE │ eps_a   eps_z
───────────────────────────
       pi │ 0.6975  0.3025
    y_gap │  0.097   0.903
    y_nat │    1.0     0.0
        y │ 0.9248  0.0752
     yhat │ 0.9248  0.0752
        i │ 0.6224  0.3776
    r_nat │ 0.1364  0.8636
        a │    1.0     0.0
        z │    0.0     1.0
──────────┴────────────────

  CORRELATION MATRIX

───────┬────────────────────────────────────────────────────────────────────────────────
       │   pi      y_gap    y_nat      y      yhat       i      r_nat      a       z
────────────────────────────────────────────────────────────────────────────────────────
    pi │     1.0   0.7828  -0.8351  -0.6523  -0.6523   0.9969   0.8196  -0.8351    0.55
 y_gap │  0.7828      1.0  -0.3114  -0.0389  -0.0389   0.8296   0.9981  -0.3114  0.9503
 y_nat │ -0.8351  -0.3114      1.0   0.9617   0.9617  -0.7889  -0.3693      1.0     0.0
     y │ -0.6523  -0.0389   0.9617      1.0      1.0  -0.5902  -0.1003   0.9617  0.2742
  yhat │ -0.6523  -0.0389   0.9617      1.0      1.0  -0.5902  -0.1003   0.9617  0.2742
     i │  0.9969   0.8296  -0.7889  -0.5902  -0.5902      1.0   0.8624  -0.7889  0.6145
 r_nat │  0.8196   0.9981  -0.3693  -0.1003  -0.1003   0.8624      1.0  -0.3693  0.9293
     a │ -0.8351  -0.3114      1.0   0.9617   0.9617  -0.7889  -0.3693      1.0    -0.0
     z │    0.55   0.9503      0.0   0.2742   0.2742   0.6145   0.9293     -0.0     1.0
───────┴────────────────────────────────────────────────────────────────────────────────

  AUTOCORRELATION COEFFICIENTS

───────┬────────────────────────────────────────
       │   1       2       3       4       5
────────────────────────────────────────────────
    pi │  0.779  0.6406  0.5463  0.4765  0.4213
 y_gap │ 0.5388  0.3043  0.1836  0.1201  0.0855
 y_nat │    0.9    0.81   0.729  0.6561  0.5905
     y │ 0.8699  0.7679  0.6836  0.6115  0.5484
  yhat │ 0.8699  0.7679  0.6836  0.6115  0.5484
     i │  0.749  0.5986  0.5009   0.432  0.3793
 r_nat │ 0.5545  0.3264  0.2074  0.1434  0.1075
     a │    0.9    0.81   0.729  0.6561  0.5905
     z │    0.5    0.25   0.125  0.0625  0.0312
───────┴────────────────────────────────────────

2025-11-30T19:39:09.933: End parse_statements!
2025-11-30T19:39:09.934: End parser
