Dynare version: 0.10.4
2025-12-01T20:16:26.996: Starting @dynare /home/epsilon/Documents/doctorado/S2/ENECO670/martinez/tarea_computacional/presentation/../results/p2/final_model_sim.mod
["final_model_sim.mod", "language=julia", "json=compute", "notmpterms"]
Dynare preprocessor version: 7.0.0+0
2025-12-01T20:16:27.070: End of preprocessing
2025-12-01T20:16:31.927: Start parse_statements!
  Steady state

────────┬─────────
   y    │ 1018.0
      c │ 755.949
      k │ 11071.6
      n │ 299.357
      g │  0.0094
 lambda │  0.0027
 dy_obs │  0.2729
  h_obs │  5.7016
      w │  2.2478
────────┴─────────

  Coefficients of approximate solution function (reduced form)

────────────┬─────────────────────────────────────────────────────────────────────────────────────
            │   y_t       c_t       k_t       n_t     g_t    lambda_t  dy_obs_t  h_obs_t      w_t
──────────────────────────────────────────────────────────────────────────────────────────────────
       ϕ(y) │      0.0       0.0      -0.0     -0.0     0.0      -0.0   -0.1054      0.0     -0.0
       ϕ(k) │   0.0102    0.0372    0.9493  -0.0094     0.0      -0.0    0.0011     -0.0   0.0001
       ϕ(g) │   0.3279   -0.2194   -0.3608   0.1461  0.9081      -0.0    0.0346   0.0005  -0.0004
 e_lambda_t │ -134.691  -363.945  -9846.35  83.2998     0.0       1.0   85.8053   0.2981  -0.9878
     e_mu_t │   0.0034   -0.0023   -0.0037   0.0015  0.0094       0.0    0.0004      0.0     -0.0
────────────┴─────────────────────────────────────────────────────────────────────────────────────

  Note: ϕ(x) = x_{t-1} - steady_state(x)

  THEORETICAL MOMENTS

──────────┬───────────────────────────────
 VARIABLE │  MEAN    STD. DEV.  VARIANCE
──────────────────────────────────────────
        y │ 948.882     4.1012    16.8201
        c │ 704.622    14.4763    209.562
        k │ 10319.9     371.49  1.38005e5
        n │ 279.423     3.6135    13.0574
        g │  0.0094     0.0003        0.0
   lambda │  0.0027     0.0119     0.0001
   dy_obs │  0.2729     1.0188     1.0379
    h_obs │  5.6327     0.0129     0.0002
        w │  2.2447     0.0387     0.0015
──────────┴───────────────────────────────

  VARIANCE DECOMPOSITION (in percent)

──────────┬────────────────
 VARIABLE │ e_lambda  e_mu
───────────────────────────
        y │      1.0   0.0
        c │      1.0   0.0
        k │      1.0   0.0
        n │      1.0   0.0
        g │      0.0   1.0
   lambda │      1.0   0.0
   dy_obs │      1.0   0.0
    h_obs │      1.0   0.0
        w │      1.0   0.0
──────────┴────────────────

  CORRELATION MATRIX

────────┬──────────────────────────────────────────────────────────────────────────────
        │    y        c        k        n      g    lambda   dy_obs    h_obs      w
───────────────────────────────────────────────────────────────────────────────────────
      y │     1.0   0.9953   0.9968  -0.9924   0.0  -0.3895  -0.4187  -0.9924   0.9957
      c │  0.9953      1.0   0.9999  -0.9997  -0.0  -0.2982  -0.3285  -0.9997      1.0
      k │  0.9968   0.9999      1.0  -0.9991  -0.0  -0.3144  -0.3445  -0.9991   0.9999
      n │ -0.9924  -0.9997  -0.9991      1.0   0.0   0.2734    0.304      1.0  -0.9995
      g │     0.0     -0.0     -0.0      0.0   1.0      0.0      0.0      0.0     -0.0
 lambda │ -0.3895  -0.2982  -0.3144   0.2734   0.0      1.0   0.9989   0.2734  -0.3029
 dy_obs │ -0.4187  -0.3285  -0.3445    0.304   0.0   0.9989      1.0    0.304  -0.3332
  h_obs │ -0.9924  -0.9997  -0.9991      1.0   0.0   0.2734    0.304      1.0  -0.9995
      w │  0.9957      1.0   0.9999  -0.9995  -0.0  -0.3029  -0.3332  -0.9995      1.0
────────┴──────────────────────────────────────────────────────────────────────────────

  AUTOCORRELATION COEFFICIENTS

────────┬────────────────────────────────────────
        │   1       2       3       4       5
─────────────────────────────────────────────────
      y │ 0.9181  0.8715  0.8273  0.7854  0.7456
      c │ 0.9544   0.906  0.8601  0.8165  0.7751
      k │ 0.9493  0.9012  0.8555  0.8121   0.771
      n │  0.961  0.9123   0.866  0.8221  0.7805
      g │ 0.9081  0.8246  0.7488    0.68  0.6175
 lambda │    0.0     0.0     0.0     0.0     0.0
 dy_obs │  0.043  0.0068  0.0065  0.0062  0.0058
  h_obs │  0.961  0.9123   0.866  0.8221  0.7805
      w │ 0.9529  0.9046  0.8588  0.8152  0.7739
────────┴────────────────────────────────────────

2025-12-01T20:16:40.068: End parse_statements!
2025-12-01T20:16:40.068: End parser
