Dynare version: 0.10.4
2025-12-01T20:32:59.611: Starting @dynare /home/epsilon/Documents/doctorado/S2/ENECO670/martinez/tarea_computacional/presentation/../results/p2/final_model_sim.mod
["final_model_sim.mod", "language=julia", "json=compute", "notmpterms"]
Dynare preprocessor version: 7.0.0+0
2025-12-01T20:32:59.682: End of preprocessing
2025-12-01T20:33:04.426: Start parse_statements!
  Steady state

────────┬─────────
   y    │ 1002.73
      c │ 742.443
      k │ 10569.5
      n │ 299.635
      g │  0.0118
 lambda │  0.0037
 dy_obs │  0.3709
  h_obs │  5.7026
      w │   2.212
────────┴─────────

  Coefficients of approximate solution function (reduced form)

────────────┬────────────────────────────────────────────────────────────────────────────────────
            │   y_t       c_t      k_t       n_t     g_t    lambda_t  dy_obs_t  h_obs_t      w_t
─────────────────────────────────────────────────────────────────────────────────────────────────
       ϕ(y) │      0.0      0.0      -0.0     -0.0     0.0      -0.0   -0.1039      0.0     -0.0
       ϕ(k) │   0.0108   0.0383     0.948  -0.0097     0.0      -0.0    0.0011     -0.0   0.0001
       ϕ(g) │   0.8776  -0.5953     0.477   0.3975  0.9959      -0.0    0.0912   0.0014   -0.001
 e_lambda_t │ -140.594  -367.58  -9669.05  84.1118     0.0       1.0   85.3933   0.2919  -0.9669
     e_mu_t │   0.0104  -0.0071    0.0057   0.0047  0.0118       0.0    0.0011      0.0     -0.0
────────────┴────────────────────────────────────────────────────────────────────────────────────

  Note: ϕ(x) = x_{t-1} - steady_state(x)

  THEORETICAL MOMENTS

──────────┬───────────────────────────────
 VARIABLE │  MEAN    STD. DEV.  VARIANCE
──────────────────────────────────────────
        y │ 962.534     3.9221    15.3831
        c │ 712.684    13.3489    178.192
        k │ 10145.9    332.555  1.10593e5
        n │ 288.172     3.3399     11.155
        g │  0.0118     0.0016        0.0
   lambda │  0.0037      0.011     0.0001
   dy_obs │  0.3709     0.9363     0.8766
    h_obs │  5.6636     0.0116     0.0001
        w │  2.2078     0.0345     0.0012
──────────┴───────────────────────────────

  VARIANCE DECOMPOSITION (in percent)

──────────┬────────────────
 VARIABLE │ e_lambda  e_mu
───────────────────────────
        y │      1.0   0.0
        c │      1.0   0.0
        k │      1.0   0.0
        n │      1.0   0.0
        g │      0.0   1.0
   lambda │      1.0   0.0
   dy_obs │      1.0   0.0
    h_obs │      1.0   0.0
        w │      1.0   0.0
──────────┴────────────────

  CORRELATION MATRIX

────────┬────────────────────────────────────────────────────────────────────────────────
        │    y        c        k        n       g     lambda   dy_obs    h_obs      w
─────────────────────────────────────────────────────────────────────────────────────────
      y │     1.0   0.9953   0.9969  -0.9923  0.0004  -0.3926   -0.423  -0.9923   0.9958
      c │  0.9953      1.0   0.9998  -0.9996    -0.0  -0.3016  -0.3332  -0.9996      1.0
      k │  0.9969   0.9998      1.0   -0.999     0.0  -0.3184  -0.3499   -0.999   0.9999
      n │ -0.9923  -0.9996   -0.999      1.0  0.0002   0.2758   0.3077      1.0  -0.9995
      g │  0.0004     -0.0      0.0   0.0002     1.0      0.0      0.0   0.0002     -0.0
 lambda │ -0.3926  -0.3016  -0.3184   0.2758     0.0      1.0   0.9988   0.2758  -0.3066
 dy_obs │  -0.423  -0.3332  -0.3499   0.3077     0.0   0.9988      1.0   0.3077  -0.3382
  h_obs │ -0.9923  -0.9996   -0.999      1.0  0.0002   0.2758   0.3077      1.0  -0.9995
      w │  0.9958      1.0   0.9999  -0.9995    -0.0  -0.3066  -0.3382  -0.9995      1.0
────────┴────────────────────────────────────────────────────────────────────────────────

  AUTOCORRELATION COEFFICIENTS

────────┬────────────────────────────────────────
        │   1       2       3       4       5
─────────────────────────────────────────────────
      y │ 0.9168  0.8691  0.8239   0.781  0.7403
      c │ 0.9533  0.9037  0.8566  0.8121  0.7698
      k │  0.948  0.8986  0.8518  0.8075  0.7655
      n │ 0.9603  0.9103  0.8629   0.818  0.7754
      g │ 0.9959  0.9918  0.9877  0.9837  0.9796
 lambda │    0.0     0.0     0.0     0.0     0.0
 dy_obs │  0.044  0.0073  0.0069  0.0066  0.0062
  h_obs │ 0.9603  0.9103  0.8629   0.818  0.7754
      w │ 0.9518  0.9022  0.8553  0.8107  0.7685
────────┴────────────────────────────────────────

2025-12-01T20:33:11.857: End parse_statements!
2025-12-01T20:33:11.857: End parser
