Dynare version: 0.10.4
2025-12-01T19:46:46.183: Starting @dynare /home/epsilon/Documents/doctorado/S2/ENECO670/martinez/tarea_computacional/presentation/../results/p2/final_model_sim.mod
["final_model_sim.mod", "language=julia", "json=compute", "notmpterms"]
Dynare preprocessor version: 7.0.0+0
2025-12-01T19:46:46.256: End of preprocessing
2025-12-01T19:46:50.659: Start parse_statements!
  Steady state

────────┬─────────
   y    │ 994.237
      c │  735.49
      k │ 10376.0
      n │ 298.623
      g │  0.0147
 lambda │   0.004
 dy_obs │  0.4028
  h_obs │  5.6992
      w │  2.2007
────────┴─────────

  Coefficients of approximate solution function (reduced form)

────────────┬─────────────────────────────────────────────────────────────────────────────────────
            │   y_t       c_t       k_t       n_t     g_t    lambda_t  dy_obs_t  h_obs_t      w_t
──────────────────────────────────────────────────────────────────────────────────────────────────
       ϕ(y) │      0.0       0.0      -0.0     -0.0     0.0      -0.0   -0.1186      0.0     -0.0
       ϕ(k) │   0.0098    0.0384    0.9465  -0.0103     0.0      -0.0    0.0012     -0.0   0.0001
       ϕ(g) │   0.8429   -0.5344    0.3868   0.3838  0.9905      -0.0       0.1   0.0015  -0.0011
 e_lambda_t │ -115.083  -319.682  -8374.83  77.7402     0.0       1.0   86.3502   0.3064  -0.9726
     e_mu_t │   0.0125   -0.0079    0.0057   0.0057  0.0147       0.0    0.0015      0.0     -0.0
────────────┴─────────────────────────────────────────────────────────────────────────────────────

  Note: ϕ(x) = x_{t-1} - steady_state(x)

  THEORETICAL MOMENTS

──────────┬──────────────────────────────
 VARIABLE │  MEAN    STD. DEV.  VARIANCE
─────────────────────────────────────────
        y │ 843.115      3.006     9.036
        c │ 623.695    11.2607   126.804
        k │ 8798.83    279.193   77948.9
        n │ 253.756     3.0013    9.0075
        g │  0.0147     0.0013       0.0
   lambda │   0.004     0.0108    0.0001
   dy_obs │  0.4028     0.9303    0.8655
    h_obs │  5.5364     0.0118    0.0001
        w │  2.1962     0.0337    0.0011
──────────┴──────────────────────────────

  VARIANCE DECOMPOSITION (in percent)

──────────┬────────────────
 VARIABLE │ e_lambda  e_mu
───────────────────────────
        y │      1.0   0.0
        c │      1.0   0.0
        k │      1.0   0.0
        n │      1.0   0.0
        g │      0.0   1.0
   lambda │      1.0   0.0
   dy_obs │      1.0   0.0
    h_obs │      1.0   0.0
        w │      1.0   0.0
──────────┴────────────────

  CORRELATION MATRIX

────────┬────────────────────────────────────────────────────────────────────────────────
        │    y        c        k        n       g     lambda   dy_obs    h_obs      w
─────────────────────────────────────────────────────────────────────────────────────────
      y │     1.0   0.9935   0.9954  -0.9899  0.0004   -0.412  -0.4409  -0.9899    0.994
      c │  0.9935      1.0   0.9998  -0.9996    -0.0  -0.3055  -0.3359  -0.9996      1.0
      k │  0.9954   0.9998      1.0  -0.9989     0.0  -0.3228  -0.3529  -0.9989   0.9999
      n │ -0.9899  -0.9996  -0.9989      1.0  0.0001   0.2787   0.3094      1.0  -0.9995
      g │  0.0004     -0.0      0.0   0.0001     1.0      0.0      0.0   0.0001     -0.0
 lambda │  -0.412  -0.3055  -0.3228   0.2787     0.0      1.0   0.9988   0.2787  -0.3102
 dy_obs │ -0.4409  -0.3359  -0.3529   0.3094     0.0   0.9988      1.0   0.3094  -0.3405
  h_obs │ -0.9899  -0.9996  -0.9989      1.0  0.0001   0.2787   0.3094      1.0  -0.9995
      w │   0.994      1.0   0.9999  -0.9995    -0.0  -0.3102  -0.3405  -0.9995      1.0
────────┴────────────────────────────────────────────────────────────────────────────────

  AUTOCORRELATION COEFFICIENTS

────────┬────────────────────────────────────────
        │   1       2       3       4       5
─────────────────────────────────────────────────
      y │  0.907  0.8585  0.8125   0.769  0.7278
      c │  0.952  0.9011  0.8528  0.8072   0.764
      k │ 0.9465  0.8958  0.8479  0.8025  0.7595
      n │ 0.9593   0.908  0.8594  0.8134  0.7698
      g │ 0.9905  0.9811  0.9718  0.9626  0.9535
 lambda │    0.0     0.0     0.0     0.0     0.0
 dy_obs │ 0.0457  0.0066  0.0062  0.0059  0.0056
  h_obs │ 0.9593   0.908  0.8594  0.8134  0.7698
      w │ 0.9506  0.8997  0.8516   0.806  0.7628
────────┴────────────────────────────────────────

2025-12-01T19:46:58.187: End parse_statements!
2025-12-01T19:46:58.187: End parser
