Dynare version: 0.10.4
2025-12-01T23:53:36.441: Starting @dynare 1.mod
["1.mod", "language=julia", "json=compute", "notmpterms"]
Dynare preprocessor version: 7.0.0+0
2025-12-01T23:53:36.520: End of preprocessing
2025-12-01T23:53:41.077: Start parse_statements!
  Steady state

───────────────┬─────────
    output     │ 1.23469
   consumption │  0.9181
 capital stock │ 12.6631
    investment │  0.3166
         hours │  0.3333
           TFP │     1.0
  Productivity │  3.7041
───────────────┴─────────

  Coefficients of approximate solution function (reduced form)

──────────────────┬────────────────────────────────────────────────────────────────────────────────────────
                  │ output_t  consumption_t  capital stock_t  investment_t  hours_t  TFP_t  Productivity_t
───────────────────────────────────────────────────────────────────────────────────────────────────────────
 ϕ(capital stock) │   0.0199         0.0413           0.9537       -0.0213  -0.0064    0.0          0.1309
           ϕ(TFP) │   1.7037         0.3419           1.3618        1.3618   0.2239   0.95          2.6233
          eps_a_t │   1.7933         0.3599           1.4334        1.4334   0.2357    1.0          2.7613
──────────────────┴────────────────────────────────────────────────────────────────────────────────────────

  Note: ϕ(x) = x_{t-1} - steady_state(x)

  THEORETICAL MOMENTS

───────────────┬──────────────────────────────
   VARIABLE    │  MEAN    STD. DEV.  VARIANCE
──────────────────────────────────────────────
        output │  1.2347      0.048    0.0023
   consumption │  0.9181     0.0264    0.0007
 capital stock │ 12.6631     0.4892    0.2393
    investment │  0.3166     0.0268    0.0007
         hours │  0.3333      0.004       0.0
           TFP │     1.0     0.0228    0.0005
  Productivity │  3.7041     0.1162    0.0135
───────────────┴──────────────────────────────

  VARIANCE DECOMPOSITION (in percent)

───────────────┬───────
   VARIABLE    │ eps_a
───────────────────────
        output │   1.0
   consumption │   1.0
 capital stock │   1.0
    investment │   1.0
         hours │   1.0
           TFP │   1.0
  Productivity │   1.0
───────────────┴───────

  CORRELATION MATRIX

───────────────┬──────────────────────────────────────────────────────────────────────────────
               │ output  consumption  capital stock  investment  hours    TFP    Productivity
──────────────────────────────────────────────────────────────────────────────────────────────
        output │    1.0       0.9013         0.8081      0.9039  0.7202  0.9887        0.9643
   consumption │ 0.9013          1.0         0.9835      0.6293  0.3485  0.8262        0.9839
 capital stock │ 0.8081       0.9835            1.0      0.4785  0.1733  0.7107        0.9353
    investment │ 0.9039       0.6293         0.4785         1.0  0.9477  0.9578        0.7583
         hours │ 0.7202       0.3485         0.1733      0.9477     1.0   0.816        0.5107
           TFP │ 0.9887       0.8262         0.7107      0.9578   0.816     1.0        0.9137
  Productivity │ 0.9643       0.9839         0.9353      0.7583  0.5107  0.9137           1.0
───────────────┴──────────────────────────────────────────────────────────────────────────────

  AUTOCORRELATION COEFFICIENTS

───────────────┬────────────────────────────────────────
               │   1       2       3       4       5
────────────────────────────────────────────────────────
        output │  0.964  0.9291  0.8954  0.8628  0.8312
   consumption │ 0.9949   0.988  0.9794  0.9694   0.958
 capital stock │ 0.9988  0.9954    0.99  0.9828   0.974
    investment │ 0.9244  0.8538  0.7879  0.7263  0.6689
         hours │ 0.9069  0.8205  0.7403  0.6659   0.597
           TFP │   0.95  0.9025  0.8574  0.8145  0.7738
  Productivity │ 0.9855  0.9701  0.9538  0.9369  0.9194
───────────────┴────────────────────────────────────────

2025-12-01T23:53:49.813: End parse_statements!
2025-12-01T23:53:49.813: End parser
