Dynare version: 0.10.4
2025-11-30T18:53:33.528: Starting @dynare 5.mod
["5.mod", "language=julia", "json=compute", "notmpterms"]
Dynare preprocessor version: 7.0.0+0
2025-11-30T18:53:33.564: End of preprocessing
2025-11-30T18:53:33.656: Start parse_statements!
  Steady state

───────────────────────┬──────────
 aggregate consumption │ 0.197032
         capital stock │   5.2626
            investment │   0.1316
               leisure │   0.7573
          market hours │   0.1226
            home hours │   0.1201
    market consumption │   0.3225
      home consumption │   0.1367
         market output │   0.4541
           home output │   0.1367
      market TFP shock │      0.0
        home TFP shock │      0.0
   market productivity │   3.7041
───────────────────────┴──────────

  Coefficients of approximate solution function (reduced form)

─────────────────────┬────────────────────────────────────────────────────────────────────────────────────────────────────────────────────────────────────────────────────────────────────────────────────────────────────────────────────────────────────────
                     │ aggregate consumption_t  capital stock_t  investment_t  leisure_t  market hours_t  home hours_t  market consumption_t  home consumption_t  market output_t  home output_t  market TFP shock_t  home TFP shock_t  market productivity_t
──────────────────────────────────────────────────────────────────────────────────────────────────────────────────────────────────────────────────────────────────────────────────────────────────────────────────────────────────────────────────────────────
    ϕ(capital stock) │                  0.0115           0.9506       -0.0244     0.0098          0.0001       -0.0098                0.0556             -0.0082           0.0312        -0.0082                 0.0              -0.0                 0.2528
 ϕ(market TFP shock) │                 -0.0136           0.8672        0.8672    -0.1655          0.2398       -0.0744                0.1328             -0.0779           0.9999        -0.0779                0.95              -0.0                 0.9103
   ϕ(home TFP shock) │                  0.1143          -0.0438       -0.0438    -0.0122         -0.1151        0.1273               -0.2292              0.2632           -0.273         0.2632                 0.0              0.95                 1.2524
                eM_t │                 -0.0143           0.9128        0.9128    -0.1742          0.2524       -0.0783                0.1398              -0.082           1.0526         -0.082                 1.0               0.0                 0.9582
                eH_t │                  0.1203          -0.0461       -0.0461    -0.0128         -0.1212         0.134               -0.2412               0.277          -0.2873          0.277                 0.0               1.0                 1.3184
─────────────────────┴────────────────────────────────────────────────────────────────────────────────────────────────────────────────────────────────────────────────────────────────────────────────────────────────────────────────────────────────────────

  Note: ϕ(x) = x_{t-1} - steady_state(x)

  THEORETICAL MOMENTS

───────────────────────┬─────────────────────────────
       VARIABLE        │  MEAN   STD. DEV.  VARIANCE
─────────────────────────────────────────────────────
 aggregate consumption │  0.197     0.0041       0.0
         capital stock │ 5.2626     0.2926    0.0856
            investment │ 0.1316     0.0164    0.0003
               leisure │ 0.7573     0.0029       0.0
          market hours │ 0.1226     0.0063       0.0
            home hours │ 0.1201     0.0053       0.0
    market consumption │ 0.3225     0.0195    0.0004
      home consumption │ 0.1367     0.0074    0.0001
         market output │ 0.4541     0.0313     0.001
           home output │ 0.1367     0.0074    0.0001
      market TFP shock │    0.0     0.0224    0.0005
        home TFP shock │    0.0     0.0224    0.0005
   market productivity │ 3.7041      0.094    0.0088
───────────────────────┴─────────────────────────────

  VARIANCE DECOMPOSITION (in percent)

───────────────────────┬────────────────
       VARIABLE        │   eM      eH
────────────────────────────────────────
 aggregate consumption │ 0.5981  0.4019
         capital stock │ 0.9975  0.0025
            investment │ 0.9975  0.0025
               leisure │ 0.9806  0.0194
          market hours │ 0.8132  0.1868
            home hours │ 0.6547  0.3453
    market consumption │ 0.9051  0.0949
      home consumption │ 0.2776  0.7224
         market output │ 0.9533  0.0467
           home output │ 0.2776  0.7224
      market TFP shock │    1.0     0.0
        home TFP shock │    0.0     1.0
   market productivity │ 0.9167  0.0833
───────────────────────┴────────────────

  CORRELATION MATRIX

───────────────────────┬──────────────────────────────────────────────────────────────────────────────────────────────────────────────────────────────────────────────────────────────────────────────────────────────────────────────
                       │ aggregate consumption  capital stock  investment  leisure  market hours  home hours  market consumption  home consumption  market output  home output  market TFP shock  home TFP shock  market productivity
──────────────────────────────────────────────────────────────────────────────────────────────────────────────────────────────────────────────────────────────────────────────────────────────────────────────────────────────────────
 aggregate consumption │                   1.0         0.7443      0.2426   0.0211        0.1674     -0.2106              0.5283            0.1662         0.4558       0.1662             0.488          0.6332               0.9005
         capital stock │                0.7443            1.0      0.4676   0.0189        0.6678     -0.8047              0.9599           -0.5344         0.8423      -0.5344            0.7217         -0.0365               0.9395
            investment │                0.2426         0.4676         1.0  -0.8623        0.8747     -0.5719              0.5181           -0.4125         0.8468      -0.4125            0.9477         -0.0479               0.5337
               leisure │                0.0211         0.0189     -0.8623      1.0       -0.5494      0.1101             -0.0136            0.0323        -0.4609       0.0323           -0.6752         -0.1345              -0.1423
          market hours │                0.1674         0.6678      0.8747  -0.5494           1.0     -0.8909              0.7948           -0.7925         0.9532      -0.7925            0.9018         -0.4322               0.5696
            home hours │               -0.2106        -0.8047     -0.5719   0.1101       -0.8909         1.0              -0.938            0.9252        -0.8834       0.9252           -0.7057          0.5873              -0.6002
    market consumption │                0.5283         0.9599      0.5181  -0.0136        0.7948      -0.938                 1.0           -0.7494         0.8936      -0.7494            0.7332         -0.3066               0.8225
      home consumption │                0.1662        -0.5344     -0.4125   0.0323       -0.7925      0.9252             -0.7494               1.0        -0.6824          1.0            -0.471          0.8498              -0.2531
         market output │                0.4558         0.8423      0.8468  -0.4609        0.9532     -0.8834              0.8936           -0.6824            1.0      -0.6824            0.9532         -0.2158               0.7915
           home output │                0.1662        -0.5344     -0.4125   0.0323       -0.7925      0.9252             -0.7494               1.0        -0.6824          1.0            -0.471          0.8498              -0.2531
      market TFP shock │                 0.488         0.7217      0.9477  -0.6752        0.9018     -0.7057              0.7332            -0.471         0.9532       -0.471               1.0             0.0               0.7682
        home TFP shock │                0.6332        -0.0365     -0.0479  -0.1345       -0.4322      0.5873             -0.3066            0.8498        -0.2158       0.8498               0.0             1.0               0.2872
   market productivity │                0.9005         0.9395      0.5337  -0.1423        0.5696     -0.6002              0.8225           -0.2531         0.7915      -0.2531            0.7682          0.2872                  1.0
───────────────────────┴──────────────────────────────────────────────────────────────────────────────────────────────────────────────────────────────────────────────────────────────────────────────────────────────────────────────

  AUTOCORRELATION COEFFICIENTS

───────────────────────┬────────────────────────────────────────
                       │   1       2       3       4       5
────────────────────────────────────────────────────────────────
 aggregate consumption │ 0.9767  0.9533  0.9298  0.9063  0.8828
         capital stock │ 0.9987  0.9951  0.9893  0.9817  0.9724
            investment │  0.921  0.8475  0.7789  0.7151  0.6557
               leisure │ 0.9034   0.814  0.7312  0.6546  0.5838
          market hours │ 0.9502  0.9028  0.8578  0.8151  0.7744
            home hours │ 0.9783  0.9563  0.9341  0.9117  0.8892
    market consumption │ 0.9942  0.9865  0.9772  0.9663  0.9541
      home consumption │ 0.9618  0.9249  0.8893   0.855  0.8219
         market output │ 0.9698  0.9401   0.911  0.8825  0.8545
           home output │ 0.9618  0.9249  0.8893   0.855  0.8219
      market TFP shock │   0.95  0.9025  0.8574  0.8145  0.7738
        home TFP shock │   0.95  0.9025  0.8574  0.8145  0.7738
   market productivity │ 0.9919  0.9822   0.971  0.9585  0.9448
───────────────────────┴────────────────────────────────────────

2025-11-30T18:54:10.770: End parse_statements!
2025-11-30T18:54:10.770: End parser
