Dynare version: 0.10.4
2025-11-23T20:33:37.451: Starting @dynare 5.mod
["5.mod", "language=julia", "json=compute", "notmpterms"]
Dynare preprocessor version: 7.0.0+0
2025-11-23T20:33:37.569: End of preprocessing
2025-11-23T20:33:37.708: Start parse_statements!
  Steady state

────┬──────────
 c  │ 0.197032
  k │   5.2626
  i │   0.1316
  l │   0.7573
 hM │   0.1226
 hH │   0.1201
 cM │   0.3225
 cH │   0.1367
 yM │   0.4541
 yH │   0.1367
 zM │      0.0
 zH │     -0.0
────┴──────────

  Coefficients of approximate solution function (reduced form)

───────┬──────────────────────────────────────────────────────────────────────────────────────────────────────
       │   c_t      k_t      i_t      l_t     hM_t     hH_t       cM_t     cH_t     yM_t     yH_t  zM_t  zH_t
──────────────────────────────────────────────────────────────────────────────────────────────────────────────
  ϕ(k) │  0.0115   0.9506  -0.0244   0.0098   0.0001  -0.0098   0.0556  -0.0082   0.0312  -0.0082   0.0   0.0
 ϕ(zM) │ -0.0136   0.8672   0.8672  -0.1655   0.2398  -0.0744   0.1328  -0.0779   0.9999  -0.0779  0.95   0.0
 ϕ(zH) │  0.1143  -0.0438  -0.0438  -0.0122  -0.1151   0.1273  -0.2292   0.2632   -0.273   0.2632  -0.0  0.95
  eM_t │ -0.0143   0.9128   0.9128  -0.1742   0.2524  -0.0783   0.1398   -0.082   1.0526   -0.082   1.0   0.0
  eH_t │  0.1203  -0.0461  -0.0461  -0.0128  -0.1212    0.134  -0.2412    0.277  -0.2873    0.277   0.0   1.0
───────┴──────────────────────────────────────────────────────────────────────────────────────────────────────

  Note: ϕ(x) = x_{t-1} - steady_state(x)

  THEORETICAL MOMENTS

──────────┬─────────────────────────────
 VARIABLE │  MEAN   STD. DEV.  VARIANCE
────────────────────────────────────────
        c │  0.197     0.0041       0.0
        k │ 5.2626     0.2926    0.0856
        i │ 0.1316     0.0164    0.0003
        l │ 0.7573     0.0029       0.0
       hM │ 0.1226     0.0063       0.0
       hH │ 0.1201     0.0053       0.0
       cM │ 0.3225     0.0195    0.0004
       cH │ 0.1367     0.0074    0.0001
       yM │ 0.4541     0.0313     0.001
       yH │ 0.1367     0.0074    0.0001
       zM │    0.0     0.0224    0.0005
       zH │   -0.0     0.0224    0.0005
──────────┴─────────────────────────────

  VARIANCE DECOMPOSITION (in percent)

──────────┬────────────────
 VARIABLE │   eM      eH
───────────────────────────
        c │ 0.5981  0.4019
        k │ 0.9975  0.0025
        i │ 0.9975  0.0025
        l │ 0.9806  0.0194
       hM │ 0.8132  0.1868
       hH │ 0.6547  0.3453
       cM │ 0.9051  0.0949
       cH │ 0.2776  0.7224
       yM │ 0.9533  0.0467
       yH │ 0.2776  0.7224
       zM │    1.0     0.0
       zH │    0.0     1.0
──────────┴────────────────

  CORRELATION MATRIX

────┬────────────────────────────────────────────────────────────────────────────────────────────────────────────
    │    c        k        i        l       hM       hH       cM       cH       yM       yH       zM       zH
─────────────────────────────────────────────────────────────────────────────────────────────────────────────────
  c │     1.0   0.7443   0.2426   0.0211   0.1674  -0.2106   0.5283   0.1662   0.4558   0.1662    0.488   0.6332
  k │  0.7443      1.0   0.4676   0.0189   0.6678  -0.8047   0.9599  -0.5344   0.8423  -0.5344   0.7217  -0.0365
  i │  0.2426   0.4676      1.0  -0.8623   0.8747  -0.5719   0.5181  -0.4125   0.8468  -0.4125   0.9477  -0.0479
  l │  0.0211   0.0189  -0.8623      1.0  -0.5494   0.1101  -0.0136   0.0323  -0.4609   0.0323  -0.6752  -0.1345
 hM │  0.1674   0.6678   0.8747  -0.5494      1.0  -0.8909   0.7948  -0.7925   0.9532  -0.7925   0.9018  -0.4322
 hH │ -0.2106  -0.8047  -0.5719   0.1101  -0.8909      1.0   -0.938   0.9252  -0.8834   0.9252  -0.7057   0.5873
 cM │  0.5283   0.9599   0.5181  -0.0136   0.7948   -0.938      1.0  -0.7494   0.8936  -0.7494   0.7332  -0.3066
 cH │  0.1662  -0.5344  -0.4125   0.0323  -0.7925   0.9252  -0.7494      1.0  -0.6824      1.0   -0.471   0.8498
 yM │  0.4558   0.8423   0.8468  -0.4609   0.9532  -0.8834   0.8936  -0.6824      1.0  -0.6824   0.9532  -0.2158
 yH │  0.1662  -0.5344  -0.4125   0.0323  -0.7925   0.9252  -0.7494      1.0  -0.6824      1.0   -0.471   0.8498
 zM │   0.488   0.7217   0.9477  -0.6752   0.9018  -0.7057   0.7332   -0.471   0.9532   -0.471      1.0     -0.0
 zH │  0.6332  -0.0365  -0.0479  -0.1345  -0.4322   0.5873  -0.3066   0.8498  -0.2158   0.8498     -0.0      1.0
────┴────────────────────────────────────────────────────────────────────────────────────────────────────────────

  AUTOCORRELATION COEFFICIENTS

────┬────────────────────────────────────────
    │   1       2       3       4       5
─────────────────────────────────────────────
  c │ 0.9767  0.9533  0.9298  0.9063  0.8828
  k │ 0.9987  0.9951  0.9893  0.9817  0.9724
  i │  0.921  0.8475  0.7789  0.7151  0.6557
  l │ 0.9034   0.814  0.7312  0.6546  0.5838
 hM │ 0.9502  0.9028  0.8578  0.8151  0.7744
 hH │ 0.9783  0.9563  0.9341  0.9117  0.8892
 cM │ 0.9942  0.9865  0.9772  0.9663  0.9541
 cH │ 0.9618  0.9249  0.8893   0.855  0.8219
 yM │ 0.9698  0.9401   0.911  0.8825  0.8545
 yH │ 0.9618  0.9249  0.8893   0.855  0.8219
 zM │   0.95  0.9025  0.8574  0.8145  0.7738
 zH │   0.95  0.9025  0.8574  0.8145  0.7738
────┴────────────────────────────────────────

2025-11-23T20:33:49.236: End parse_statements!
2025-11-23T20:33:49.236: End parser
