Dynare version: 0.10.4
2025-11-23T20:27:21.711: Starting @dynare 2.mod
["2.mod", "language=julia", "json=compute", "notmpterms"]
Dynare preprocessor version: 7.0.0+0
2025-11-23T20:27:21.722: End of preprocessing
2025-11-23T20:27:21.788: Start parse_statements!
  Steady state

─────────────────────┬──────────
     consumption     │ 0.918109
              output │   1.2347
               hours │   0.3333
       capital stock │  12.6631
          investment │   0.3166
                 TFP │      1.0
        Productivity │   3.7041
                ocio │   0.6667
       stock de ocio │   6.6667
 lagrange multiplier │    1.621
─────────────────────┴──────────

  Steady state

─────────────────────┬──────────
     consumption     │ 0.918109
              output │   1.2347
               hours │   0.3333
       capital stock │  12.6631
          investment │   0.3166
                 TFP │      1.0
        Productivity │   3.7041
                ocio │   0.6667
       stock de ocio │   6.6667
 lagrange multiplier │    1.621
─────────────────────┴──────────

  Coefficients of approximate solution function (reduced form)

──────────────────┬─────────────────────────────────────────────────────────────────────────────────────────────────────────────────────────────────────────
                  │ consumption_t  output_t  hours_t  capital stock_t  investment_t  TFP_t  Productivity_t   ocio_t  stock de ocio_t  lagrange multiplier_t
────────────────────────────────────────────────────────────────────────────────────────────────────────────────────────────────────────────────────────────
 ϕ(capital stock) │        0.0406    0.0124  -0.0096           0.9469       -0.0281    0.0          0.1435   0.0033           0.0096                -0.0092
           ϕ(TFP) │        0.3664    2.0159   0.3556           1.6495        1.6495   0.95          2.0965  -0.1244          -0.3556                 0.2515
 ϕ(stock de ocio) │        0.0099    0.0868   0.0366           0.0769        0.0769    0.0         -0.1465   0.0522           0.8634                -0.0548
          eps_a_t │        0.3857     2.122   0.3743           1.7363        1.7363    1.0          2.2068   -0.131          -0.3743                 0.2648
──────────────────┴─────────────────────────────────────────────────────────────────────────────────────────────────────────────────────────────────────────

  Note: ϕ(x) = x_{t-1} - steady_state(x)

  THEORETICAL MOMENTS

─────────────────────┬──────────────────────────────
      VARIABLE       │  MEAN    STD. DEV.  VARIANCE
────────────────────────────────────────────────────
         consumption │  0.9181     0.0273    0.0007
              output │  1.2347     0.0507    0.0026
               hours │  0.3333     0.0054       0.0
       capital stock │ 12.6631     0.5086    0.2586
          investment │  0.3166     0.0293    0.0009
                 TFP │     1.0     0.0228    0.0005
        Productivity │  3.7041     0.1173    0.0138
                ocio │  0.6667     0.0037       0.0
       stock de ocio │  6.6667     0.0342    0.0012
 lagrange multiplier │   1.621     0.0056       0.0
─────────────────────┴──────────────────────────────

  VARIANCE DECOMPOSITION (in percent)

─────────────────────┬───────
      VARIABLE       │ eps_a
─────────────────────────────
         consumption │   1.0
              output │   1.0
               hours │   1.0
       capital stock │   1.0
          investment │   1.0
                 TFP │   1.0
        Productivity │   1.0
                ocio │   1.0
       stock de ocio │   1.0
 lagrange multiplier │   1.0
─────────────────────┴───────

  CORRELATION MATRIX

─────────────────────┬──────────────────────────────────────────────────────────────────────────────────────────────────────────────────────────────
                     │ consumption  output    hours   capital stock  investment    TFP    Productivity   ocio    stock de ocio  lagrange multiplier
────────────────────────────────────────────────────────────────────────────────────────────────────────────────────────────────────────────────────
         consumption │         1.0    0.887   0.3064         0.9851      0.6027   0.8397        0.9928  -0.5338        -0.6048               0.2959
              output │       0.887      1.0   0.7099         0.7945      0.9031   0.9949        0.9328  -0.8301        -0.7985               0.6871
               hours │      0.3064   0.7099      1.0         0.1395      0.9417    0.768        0.4084   -0.869        -0.6799               0.9427
       capital stock │      0.9851   0.7945   0.1395            1.0      0.4567    0.734        0.9583  -0.3911        -0.4949                0.132
          investment │      0.6027   0.9031   0.9417         0.4567         1.0   0.9382        0.6886  -0.9378        -0.8173               0.9121
                 TFP │      0.8397   0.9949    0.768          0.734      0.9382      1.0        0.8965  -0.8801        -0.8374               0.7567
        Productivity │      0.9928   0.9328   0.4084         0.9583      0.6886   0.8965           1.0  -0.6311        -0.6871               0.4082
                ocio │     -0.5338  -0.8301   -0.869        -0.3911     -0.9378  -0.8801       -0.6311      1.0         0.9537              -0.9571
       stock de ocio │     -0.6048  -0.7985  -0.6799        -0.4949     -0.8173  -0.8374       -0.6871   0.9537            1.0              -0.8453
 lagrange multiplier │      0.2959   0.6871   0.9427          0.132      0.9121   0.7567        0.4082  -0.9571        -0.8453                  1.0
─────────────────────┴──────────────────────────────────────────────────────────────────────────────────────────────────────────────────────────────

  AUTOCORRELATION COEFFICIENTS

─────────────────────┬────────────────────────────────────────
                     │   1       2       3       4       5
──────────────────────────────────────────────────────────────
         consumption │ 0.9945   0.987  0.9776  0.9668  0.9545
              output │ 0.9545   0.912  0.8721  0.8346  0.7993
               hours │ 0.8693  0.7543  0.6531   0.564  0.4853
       capital stock │ 0.9986  0.9948  0.9888  0.9808  0.9712
          investment │ 0.9069  0.8227  0.7465  0.6773  0.6146
                 TFP │   0.95  0.9025  0.8574  0.8145  0.7738
        Productivity │ 0.9906   0.979  0.9655  0.9503  0.9339
                ocio │ 0.9657  0.9244   0.878  0.8281  0.7759
       stock de ocio │ 0.9917  0.9702  0.9386  0.8992  0.8542
 lagrange multiplier │ 0.9413  0.8808  0.8196  0.7585  0.6982
─────────────────────┴────────────────────────────────────────

2025-11-23T20:27:22.994: End parse_statements!
2025-11-23T20:27:22.994: End parser
