Dynare version: 0.10.4
2025-11-23T21:00:31.147: Starting @dynare /home/epsilon/Documents/doctorado/S2/ENECO670/martinez/tarea_computacional/presentation/../modfiles/p1/1.mod
["1.mod", "language=julia", "json=compute", "notmpterms"]
Dynare preprocessor version: 7.0.0+0
2025-11-23T21:00:31.336: End of preprocessing
2025-11-23T21:00:31.545: Start parse_statements!
  Steady state

──────────────┬─────────
      y       │ 1.11443
            c │  0.8287
            k │ 11.4297
            i │  0.2857
            h │  0.3009
            a │    -0.0
 productivity │  3.7041
──────────────┴─────────

  Coefficients of approximate solution function (reduced form)

──────┬────────────────────────────────────────────────────────────────
      │  y_t     c_t     k_t      i_t        h_t   a_t  productivity_t
───────────────────────────────────────────────────────────────────────
 ϕ(k) │ 0.0188   0.041  0.9528  -0.0222  -0.0069   0.0          0.1471
 ϕ(a) │ 1.5748  0.3134  1.2614   1.2614   0.2177  0.95           2.554
  e_t │ 1.6576  0.3299  1.3278   1.3278   0.2291   1.0          2.6885
──────┴────────────────────────────────────────────────────────────────

  Note: ϕ(x) = x_{t-1} - steady_state(x)

  THEORETICAL MOMENTS

──────────────┬──────────────────────────────
   VARIABLE   │  MEAN    STD. DEV.  VARIANCE
─────────────────────────────────────────────
            y │  1.1144     0.0432    0.0019
            c │  0.8287     0.0237    0.0006
            k │ 11.4297     0.4394    0.1931
            i │  0.2857     0.0242    0.0006
            h │  0.3009     0.0038       0.0
            a │     0.0     0.0224    0.0005
 productivity │  3.7041     0.1144    0.0131
──────────────┴──────────────────────────────

  VARIANCE DECOMPOSITION (in percent)

──────────────┬─────
   VARIABLE   │  e
────────────────────
            y │ 1.0
            c │ 1.0
            k │ 1.0
            i │ 1.0
            h │ 1.0
            a │ 1.0
 productivity │ 1.0
──────────────┴─────

  CORRELATION MATRIX

──────────────┬──────────────────────────────────────────────────────────────
              │   y       c       k       i       h       a     productivity
─────────────────────────────────────────────────────────────────────────────
            y │    1.0  0.8994  0.8056  0.9041  0.7229    0.99        0.9592
            c │ 0.8994     1.0  0.9835  0.6264  0.3481  0.8289        0.9863
            k │ 0.8056  0.9835     1.0  0.4753   0.173  0.7142        0.9402
            i │ 0.9041  0.6264  0.4753     1.0  0.9488  0.9553        0.7465
            h │ 0.7229  0.3481   0.173  0.9488     1.0  0.8129         0.498
            a │   0.99  0.8289  0.7142  0.9553  0.8129     1.0        0.9099
 productivity │ 0.9592  0.9863  0.9402  0.7465   0.498  0.9099           1.0
──────────────┴──────────────────────────────────────────────────────────────

  AUTOCORRELATION COEFFICIENTS

──────────────┬────────────────────────────────────────
              │   1       2       3       4       5
───────────────────────────────────────────────────────
            y │ 0.9633  0.9277  0.8934  0.8602  0.8281
            c │ 0.9948  0.9878  0.9791  0.9689  0.9574
            k │ 0.9988  0.9953  0.9898  0.9825  0.9735
            i │ 0.9235   0.852  0.7853  0.7231  0.6651
            h │ 0.9061  0.8189  0.7381  0.6632  0.5938
            a │   0.95  0.9025  0.8574  0.8145  0.7738
 productivity │ 0.9863  0.9715  0.9559  0.9394  0.9224
──────────────┴────────────────────────────────────────

2025-11-23T21:00:43.127: End parse_statements!
2025-11-23T21:00:43.127: End parser
