Dynare version: 0.10.4
2025-12-01T22:46:06.837: Starting @dynare /home/epsilon/Documents/doctorado/S2/ENECO670/martinez/tarea_computacional/presentation/../modfiles/p3/gali_forward.mod
["gali_forward.mod", "language=julia", "json=compute", "notmpterms"]
Dynare preprocessor version: 7.0.0+0
2025-12-01T22:46:06.847: End of preprocessing
2025-12-01T22:46:06.853: Start parse_statements!
  Steady state

───────┬─────
  pi   │ 0.0
 y_gap │ 0.0
 y_nat │ 0.0
     y │ 0.0
  yhat │ 0.0
     i │ 0.0
 r_nat │ 0.0
     a │ 0.0
     z │ 0.0
───────┴─────

  Coefficients of approximate solution function (reduced form)

─────────┬────────────────────────────────────────────────────────────────────────
         │  pi_t    y_gap_t  y_nat_t   y_t    yhat_t      i_t  r_nat_t  a_t   z_t
──────────────────────────────────────────────────────────────────────────────────
    ϕ(a) │ -0.1539  -0.0977      0.9  0.8023  0.8023  -0.2187    -0.09  0.9   0.0
    ϕ(z) │  0.1313   0.3861     -0.0  0.3861  0.3861   0.1226     0.25  0.0   0.5
 eps_a_t │  -0.171  -0.1086      1.0  0.8914  0.8914   -0.243     -0.1  1.0  -0.0
 eps_z_t │  0.2625   0.7722     -0.0  0.7722  0.7722   0.2451      0.5  0.0   1.0
─────────┴────────────────────────────────────────────────────────────────────────

  Note: ϕ(x) = x_{t-1} - steady_state(x)

  THEORETICAL MOMENTS

──────────┬───────────────────────────
 VARIABLE │ MEAN  STD. DEV.  VARIANCE
──────────────────────────────────────
       pi │  0.0     0.4957    0.2457
    y_gap │  0.0     0.9258    0.8571
    y_nat │  0.0     2.2942    5.2632
        y │  0.0     2.2311    4.9776
     yhat │  0.0     2.2311    4.9776
        i │  0.0     0.6252    0.3909
    r_nat │  0.0     0.6213     0.386
        a │  0.0     2.2942    5.2632
        z │  0.0     1.1547    1.3333
──────────┴───────────────────────────

  VARIANCE DECOMPOSITION (in percent)

──────────┬────────────────
 VARIABLE │ eps_a   eps_z
───────────────────────────
       pi │ 0.6261  0.3739
    y_gap │ 0.0724  0.9276
    y_nat │    1.0     0.0
        y │ 0.8403  0.1597
     yhat │ 0.8403  0.1597
        i │  0.795   0.205
    r_nat │ 0.1364  0.8636
        a │    1.0     0.0
        z │    0.0     1.0
──────────┴────────────────

  CORRELATION MATRIX

───────┬───────────────────────────────────────────────────────────────────────────────
       │   pi     y_gap    y_nat      y      yhat       i      r_nat      a       z
───────────────────────────────────────────────────────────────────────────────────────
    pi │     1.0  0.8018  -0.7912  -0.4809  -0.4809   0.9824   0.8605  -0.7912  0.6115
 y_gap │  0.8018     1.0   -0.269   0.1384   0.1384   0.6759   0.9944   -0.269  0.9631
 y_nat │ -0.7912  -0.269      1.0   0.9167   0.9167  -0.8917  -0.3693      1.0    -0.0
     y │ -0.4809  0.1384   0.9167      1.0      1.0  -0.6364   0.0329   0.9167  0.3997
  yhat │ -0.4809  0.1384   0.9167      1.0      1.0  -0.6364   0.0329   0.9167  0.3997
     i │  0.9824  0.6759  -0.8917  -0.6364  -0.6364      1.0     0.75  -0.8917  0.4527
 r_nat │  0.8605  0.9944  -0.3693   0.0329   0.0329     0.75      1.0  -0.3693  0.9293
     a │ -0.7912  -0.269      1.0   0.9167   0.9167  -0.8917  -0.3693      1.0     0.0
     z │  0.6115  0.9631     -0.0   0.3997   0.3997   0.4527   0.9293      0.0     1.0
───────┴───────────────────────────────────────────────────────────────────────────────

  AUTOCORRELATION COEFFICIENTS

───────┬────────────────────────────────────────
       │   1       2       3       4       5
────────────────────────────────────────────────
    pi │ 0.7504  0.6006  0.5031  0.4341  0.3814
 y_gap │ 0.5289  0.2905  0.1687  0.1055  0.0717
 y_nat │    0.9    0.81   0.729  0.6561  0.5905
     y │ 0.8361  0.7205  0.6325  0.5613  0.5012
  yhat │ 0.8361  0.7205  0.6325  0.5613  0.5012
     i │  0.818  0.6952  0.6052  0.5344  0.4759
 r_nat │ 0.5545  0.3264  0.2074  0.1434  0.1075
     a │    0.9    0.81   0.729  0.6561  0.5905
     z │    0.5    0.25   0.125  0.0625  0.0312
───────┴────────────────────────────────────────

2025-12-01T22:46:06.862: End parse_statements!
2025-12-01T22:46:06.862: End parser
